{
 "cells": [
  {
   "cell_type": "markdown",
   "metadata": {},
   "source": [
    "# Backtrader: Quick Start\n",
    "\n",
    "https://www.backtrader.com/docu/quickstart/quickstart/"
   ]
  },
  {
   "cell_type": "markdown",
   "metadata": {},
   "source": [
    "## Basic Setup"
   ]
  },
  {
   "cell_type": "code",
   "execution_count": 47,
   "metadata": {},
   "outputs": [],
   "source": [
    "from __future__ import (absolute_import, division, print_function, unicode_literals)\n",
    "\n",
    "import datetime  # For datetime objects\n",
    "import os.path  # To manage paths\n",
    "import sys  # To find out the script name (in argv[0])\n",
    "\n",
    "# Import the backtrader platform\n",
    "import backtrader as bt\n",
    "\n",
    "import pandas as pd"
   ]
  },
  {
   "cell_type": "code",
   "execution_count": 3,
   "metadata": {},
   "outputs": [
    {
     "name": "stdout",
     "output_type": "stream",
     "text": [
      "Starting portfolio value: 10000.00\n",
      "Final portfolio value: 10000.00\n"
     ]
    }
   ],
   "source": [
    "if __name__ == '__main__':\n",
    "    cerebro = bt.Cerebro() # The Cerebro engine was instantiated\n",
    "    print('Starting portfolio value: %.2f' % cerebro.broker.getvalue())\n",
    "    \n",
    "    cerebro.run() # The resulting cerebro instance was told to run (loop over data)\n",
    "    print('Final portfolio value: %.2f' % cerebro.broker.getvalue())"
   ]
  },
  {
   "cell_type": "markdown",
   "metadata": {},
   "source": [
    "Although it doesn’t seem much, let’s point out something explicitly shown:\n",
    "\n",
    "The Cerebro engine has created a broker instance in the background\n",
    "\n",
    "The instance already has some cash to start with\n",
    "\n",
    "This behind the scenes broker instantiation is a constant trait in the platform to simplify the life of the user. If no broker is set by the user, a default one is put in place.\n",
    "\n",
    "And 10K monetary units is a usual value with some brokers to begin with."
   ]
  },
  {
   "cell_type": "markdown",
   "metadata": {},
   "source": [
    "## Setting the cash"
   ]
  },
  {
   "cell_type": "code",
   "execution_count": 4,
   "metadata": {},
   "outputs": [
    {
     "name": "stdout",
     "output_type": "stream",
     "text": [
      "Starting portfolio value: 1000000.00\n",
      "Final portfolio value: 1000000.00\n"
     ]
    }
   ],
   "source": [
    "if __name__ == '__main__':\n",
    "    cerebro = bt.Cerebro()\n",
    "    cerebro.broker.setcash(1000000.0) # Set custom start cash. \n",
    "    print('Starting portfolio value: %.2f' % cerebro.broker.getvalue())\n",
    "    \n",
    "    cerebro.run() \n",
    "    print('Final portfolio value: %.2f' % cerebro.broker.getvalue())"
   ]
  },
  {
   "cell_type": "markdown",
   "metadata": {},
   "source": [
    "## Adding a Data Feed\n",
    "\n",
    "Having cash is fun, but the purpose behind all this is to let an automated strategy multiply the cash without moving a finger by operating on an asset which we see as a Data Feed"
   ]
  },
  {
   "cell_type": "code",
   "execution_count": 48,
   "metadata": {},
   "outputs": [
    {
     "data": {
      "text/html": [
       "<div>\n",
       "<style scoped>\n",
       "    .dataframe tbody tr th:only-of-type {\n",
       "        vertical-align: middle;\n",
       "    }\n",
       "\n",
       "    .dataframe tbody tr th {\n",
       "        vertical-align: top;\n",
       "    }\n",
       "\n",
       "    .dataframe thead th {\n",
       "        text-align: right;\n",
       "    }\n",
       "</style>\n",
       "<table border=\"1\" class=\"dataframe\">\n",
       "  <thead>\n",
       "    <tr style=\"text-align: right;\">\n",
       "      <th></th>\n",
       "      <th>date</th>\n",
       "      <th>open</th>\n",
       "      <th>high</th>\n",
       "      <th>low</th>\n",
       "      <th>close</th>\n",
       "      <th>volume</th>\n",
       "    </tr>\n",
       "  </thead>\n",
       "  <tbody>\n",
       "    <tr>\n",
       "      <th>0</th>\n",
       "      <td>12/31/2014</td>\n",
       "      <td>112.820000</td>\n",
       "      <td>113.129997</td>\n",
       "      <td>110.209999</td>\n",
       "      <td>101.419060</td>\n",
       "      <td>41403400</td>\n",
       "    </tr>\n",
       "    <tr>\n",
       "      <th>1</th>\n",
       "      <td>1/2/2015</td>\n",
       "      <td>111.389999</td>\n",
       "      <td>111.440002</td>\n",
       "      <td>107.349999</td>\n",
       "      <td>100.454300</td>\n",
       "      <td>53204600</td>\n",
       "    </tr>\n",
       "    <tr>\n",
       "      <th>2</th>\n",
       "      <td>1/5/2015</td>\n",
       "      <td>108.290001</td>\n",
       "      <td>108.650001</td>\n",
       "      <td>105.410004</td>\n",
       "      <td>97.624336</td>\n",
       "      <td>64285500</td>\n",
       "    </tr>\n",
       "    <tr>\n",
       "      <th>3</th>\n",
       "      <td>1/6/2015</td>\n",
       "      <td>106.540001</td>\n",
       "      <td>107.430000</td>\n",
       "      <td>104.629997</td>\n",
       "      <td>97.633545</td>\n",
       "      <td>65797100</td>\n",
       "    </tr>\n",
       "    <tr>\n",
       "      <th>4</th>\n",
       "      <td>1/7/2015</td>\n",
       "      <td>107.199997</td>\n",
       "      <td>108.199997</td>\n",
       "      <td>106.699997</td>\n",
       "      <td>99.002556</td>\n",
       "      <td>40105900</td>\n",
       "    </tr>\n",
       "  </tbody>\n",
       "</table>\n",
       "</div>"
      ],
      "text/plain": [
       "         date        open        high         low       close    volume\n",
       "0  12/31/2014  112.820000  113.129997  110.209999  101.419060  41403400\n",
       "1    1/2/2015  111.389999  111.440002  107.349999  100.454300  53204600\n",
       "2    1/5/2015  108.290001  108.650001  105.410004   97.624336  64285500\n",
       "3    1/6/2015  106.540001  107.430000  104.629997   97.633545  65797100\n",
       "4    1/7/2015  107.199997  108.199997  106.699997   99.002556  40105900"
      ]
     },
     "execution_count": 48,
     "metadata": {},
     "output_type": "execute_result"
    }
   ],
   "source": [
    "df = pd.read_csv(\"AAPL.csv\")\n",
    "df.head()"
   ]
  },
  {
   "cell_type": "code",
   "execution_count": 49,
   "metadata": {},
   "outputs": [
    {
     "data": {
      "text/plain": [
       "'2011-23-11'"
      ]
     },
     "execution_count": 49,
     "metadata": {},
     "output_type": "execute_result"
    }
   ],
   "source": [
    "'2011/23/11'.replace('/', '-')"
   ]
  },
  {
   "cell_type": "code",
   "execution_count": 63,
   "metadata": {},
   "outputs": [
    {
     "data": {
      "text/html": [
       "<div>\n",
       "<style scoped>\n",
       "    .dataframe tbody tr th:only-of-type {\n",
       "        vertical-align: middle;\n",
       "    }\n",
       "\n",
       "    .dataframe tbody tr th {\n",
       "        vertical-align: top;\n",
       "    }\n",
       "\n",
       "    .dataframe thead th {\n",
       "        text-align: right;\n",
       "    }\n",
       "</style>\n",
       "<table border=\"1\" class=\"dataframe\">\n",
       "  <thead>\n",
       "    <tr style=\"text-align: right;\">\n",
       "      <th></th>\n",
       "      <th>date</th>\n",
       "      <th>open</th>\n",
       "      <th>high</th>\n",
       "      <th>low</th>\n",
       "      <th>close</th>\n",
       "      <th>volume</th>\n",
       "    </tr>\n",
       "  </thead>\n",
       "  <tbody>\n",
       "    <tr>\n",
       "      <th>0</th>\n",
       "      <td>2014-12-31</td>\n",
       "      <td>112.820000</td>\n",
       "      <td>113.129997</td>\n",
       "      <td>110.209999</td>\n",
       "      <td>101.419060</td>\n",
       "      <td>41403400</td>\n",
       "    </tr>\n",
       "    <tr>\n",
       "      <th>1</th>\n",
       "      <td>2015-01-02</td>\n",
       "      <td>111.389999</td>\n",
       "      <td>111.440002</td>\n",
       "      <td>107.349999</td>\n",
       "      <td>100.454300</td>\n",
       "      <td>53204600</td>\n",
       "    </tr>\n",
       "    <tr>\n",
       "      <th>2</th>\n",
       "      <td>2015-01-05</td>\n",
       "      <td>108.290001</td>\n",
       "      <td>108.650001</td>\n",
       "      <td>105.410004</td>\n",
       "      <td>97.624336</td>\n",
       "      <td>64285500</td>\n",
       "    </tr>\n",
       "    <tr>\n",
       "      <th>3</th>\n",
       "      <td>2015-01-06</td>\n",
       "      <td>106.540001</td>\n",
       "      <td>107.430000</td>\n",
       "      <td>104.629997</td>\n",
       "      <td>97.633545</td>\n",
       "      <td>65797100</td>\n",
       "    </tr>\n",
       "    <tr>\n",
       "      <th>4</th>\n",
       "      <td>2015-01-07</td>\n",
       "      <td>107.199997</td>\n",
       "      <td>108.199997</td>\n",
       "      <td>106.699997</td>\n",
       "      <td>99.002556</td>\n",
       "      <td>40105900</td>\n",
       "    </tr>\n",
       "  </tbody>\n",
       "</table>\n",
       "</div>"
      ],
      "text/plain": [
       "        date        open        high         low       close    volume\n",
       "0 2014-12-31  112.820000  113.129997  110.209999  101.419060  41403400\n",
       "1 2015-01-02  111.389999  111.440002  107.349999  100.454300  53204600\n",
       "2 2015-01-05  108.290001  108.650001  105.410004   97.624336  64285500\n",
       "3 2015-01-06  106.540001  107.430000  104.629997   97.633545  65797100\n",
       "4 2015-01-07  107.199997  108.199997  106.699997   99.002556  40105900"
      ]
     },
     "execution_count": 63,
     "metadata": {},
     "output_type": "execute_result"
    }
   ],
   "source": [
    "df.date = df.date.apply(lambda x: x.replace('/', '-'))\n",
    "df.date = pd.to_datetime(df.date)\n",
    "df.head() # yyyy-mm-dd 형태로 ohlcv 인 yahoo finance data format에 맞춰줌. "
   ]
  },
  {
   "cell_type": "code",
   "execution_count": 65,
   "metadata": {},
   "outputs": [],
   "source": [
    "df.to_csv('AAPL.csv', index=0)"
   ]
  },
  {
   "cell_type": "code",
   "execution_count": 66,
   "metadata": {},
   "outputs": [
    {
     "data": {
      "text/plain": [
       "'C:\\\\Users\\\\chlje\\\\VSCodeProjects\\\\finance_essentials_37-64'"
      ]
     },
     "execution_count": 66,
     "metadata": {},
     "output_type": "execute_result"
    }
   ],
   "source": [
    "os.getcwd()"
   ]
  },
  {
   "cell_type": "code",
   "execution_count": 67,
   "metadata": {},
   "outputs": [
    {
     "data": {
      "text/plain": [
       "'C:\\\\Users\\\\chlje\\\\VSCodeProjects\\\\finance_essentials_37-64\\\\./AAPL.csv'"
      ]
     },
     "execution_count": 67,
     "metadata": {},
     "output_type": "execute_result"
    }
   ],
   "source": [
    "datapath = os.path.join(os.getcwd(), './AAPL.csv')\n",
    "datapath"
   ]
  },
  {
   "cell_type": "code",
   "execution_count": 68,
   "metadata": {},
   "outputs": [
    {
     "data": {
      "text/plain": [
       "True"
      ]
     },
     "execution_count": 68,
     "metadata": {},
     "output_type": "execute_result"
    }
   ],
   "source": [
    "os.path.isfile(datapath)"
   ]
  },
  {
   "cell_type": "code",
   "execution_count": 69,
   "metadata": {},
   "outputs": [
    {
     "name": "stdout",
     "output_type": "stream",
     "text": [
      "Starting Portfolio Value: 100000.00\n",
      "Final Portfolio Value: 100000.00\n"
     ]
    }
   ],
   "source": [
    "if __name__ == '__main__':\n",
    "    # Create a cerebro entity\n",
    "    cerebro = bt.Cerebro()\n",
    "\n",
    "    # Datas are in a subfolder of the samples. Need to find where the script is\n",
    "    # because it could have been called from anywhere\n",
    "    \n",
    "#     modpath = os.path.dirname(os.path.abspath(sys.argv[0]))\n",
    "#     datapath = os.path.join(modpath, '../../datas/orcl-1995-2014.txt')\n",
    "    datapath = os.path.join(os.getcwd(), './AAPL.csv')\n",
    "\n",
    "    # Create a Data Feed\n",
    "    data = bt.feeds.YahooFinanceCSVData(\n",
    "        dataname=datapath,\n",
    "        # Do not pass values before this date\n",
    "        fromdate=datetime.datetime(2000, 1, 1),\n",
    "        # Do not pass values after this date\n",
    "        todate=datetime.datetime(2000, 12, 31),\n",
    "        reverse=False)\n",
    "\n",
    "    # Add the Data Feed to Cerebro\n",
    "    cerebro.adddata(data)\n",
    "\n",
    "    # Set our desired cash start\n",
    "    cerebro.broker.setcash(100000.0)\n",
    "\n",
    "    # Print out the starting conditions\n",
    "    print('Starting Portfolio Value: %.2f' % cerebro.broker.getvalue())\n",
    "\n",
    "    # Run over everything\n",
    "    cerebro.run()\n",
    "\n",
    "    # Print out the final result\n",
    "    print('Final Portfolio Value: %.2f' % cerebro.broker.getvalue())"
   ]
  },
  {
   "cell_type": "code",
   "execution_count": null,
   "metadata": {},
   "outputs": [],
   "source": []
  }
 ],
 "metadata": {
  "kernelspec": {
   "display_name": "Python 3",
   "language": "python",
   "name": "python3"
  },
  "language_info": {
   "codemirror_mode": {
    "name": "ipython",
    "version": 3
   },
   "file_extension": ".py",
   "mimetype": "text/x-python",
   "name": "python",
   "nbconvert_exporter": "python",
   "pygments_lexer": "ipython3",
   "version": "3.7.6"
  }
 },
 "nbformat": 4,
 "nbformat_minor": 4
}
